6 20 29 48 37 22 26 7 16 32 34 2 38 18 49 16 16 50 18 34 33 42
26 40 28 21 48 50 28 32 10 30 27 19 15 48 13 23 37 44 25 37 44 12
2 44 1 19 21 10 11 47 22 42 10 26 48 19 37 42 22 18 40 39 21 5
14 22 17 43 13 41 20 31 15 36 30 16 49 18 43 42 34 32 35 5 11 27
16 31 2 24 10 13 23 34 10 8 22 49 31 5 43 12 35 17 11 5 30 18
28 12 3 10 11 10 6 2 34 34 25 13 40 29 31 3 28 22 25 39 15 1
9 42 38 25 13 22 22 25 10 23 21 33 31 35 31 39 28 42 16 35 12 39
21 41 36 34 5 21 29 6 24 14 49 15 33 38 35 26 49 5 23 23 48 13
26 39 45 24 9 24 20 13 1 32 24 12 12 1 42 33 29 29 37 9 3 30
44 7 40 10 50 48 33 29 46 28 9 36 4 39 31 21 8 20 7 42 31 45
